1 281.83000000 614.46000000 436.38000000 334.88333333 262.90666667 
2 617.69000000 357.27333333 379.87666667 348.68666667 521.26333333 
3 544.66666667 414.73000000 414.59333333 384.33333333 190.67666667 
4 603.34000000 373.31333333 426.63333333 495.46666667 212.17666667 
5 369.77000000 418.78666667 504.08000000 298.84666667 369.90666667 
6 598.20333333 346.41333333 302.68000000 255.53333333 568.02000000 
7 602.94333333 649.21000000 400.59000000 259.28000000 431.08666667 
8 645.77333333 438.56000000 293.91333333 271.58000000 486.62666667 
9 439.45333333 380.54333333 377.00000000 290.60333333 94.81333333 
10 540.97333333 422.58666667 291.20666667 340.98666667 671.00333333 
