 1  1 197.33333333 1.93333333 
 1  2 188.00000000 2.45000000 
 1  3 449.83333333 4.46666667 
 1  4 350.00000000 3.45000000 
 1  5 287.66666667 3.48333333 
 1  6 236.66666667 1.98333333 
 2  1 215.16666667 2.08333333 
 2  2 211.33333333 3.78333333 
 2  3 387.50000000 3.85000000 
 2  4 638.33333333 6.33333333 
 2  5 246.50000000 4.60000000 
 2  6 371.66666667 3.50000000 
 3  1 324.00000000 3.20000000 
 3  2 351.33333333 8.08333333 
 3  3 845.16666667 8.41666667 
 3  4 618.33333333 6.13333333 
 3  5 357.33333333 5.40000000 
 3  6 569.50000000 5.31666667 
 4  1 454.83333333 4.50000000 
 4  2 448.66666667 2.03333333 
 4  3 719.33333333 7.13333333 
 4  4 861.16666667 8.56666667 
 4  5 490.16666667 3.86666667 
 4  6 294.33333333 2.90000000 
 5  1 215.00000000 2.10000000 
 5  2 223.50000000 6.16666667 
 5  3 922.33333333 9.18333333 
 5  4 507.50000000 5.01666667 
 5  5 247.83333333 5.50000000 
 5  6 312.50000000 3.08333333 
 6  1 408.33333333 4.03333333 
 6  2 418.33333333 1.35000000 
 6  3 282.50000000 2.80000000 
 6  4 215.83333333 2.11666667 
 6  5 424.33333333 4.05000000 
 6  6 321.83333333 3.01666667 
 7  1 229.00000000 2.23333333 
 7  2 207.33333333 1.83333333 
 7  3 170.16666667 1.65000000 
 7  4 345.50000000 3.41666667 
 7  5 281.50000000 3.90000000 
 7  6 332.00000000 2.93333333 
 8  1 784.66666667 7.78333333 
 8  2 804.83333333 7.36666667 
 8  3 206.00000000 2.01666667 
 8  4 852.66666667 8.48333333 
 8  5 815.33333333 4.35000000 
 8  6 1319.16666667 2.81666667 
